nb_cells_per_layer: 2
x_min: 0.000000000000000000e+00
x_max: 1.000000000000000000e+00
x_ini: 7.071067690849304199e-01
particle_min_weight: 9.999999960041972003e-13
nb_particles: 2000000
buffer_size: 100000000
cycle_time: 1.000000000000000021e-03
cycle_nb_steps: 10000
statistics_cycle_time: 1.000000000000000021e-02
